50

0	129	96	122	75	159	56	39	83	71	130	59	128	153	79	178	136	45	152	144	77	167	179	122	162	24	51	63	67	42	144	88	144	97	113	30	42	120	158	4	51	26	93	73	76	26	139	17	63	57	
129	0	33	151	64	38	139	141	85	61	170	137	164	36	104	53	31	123	77	77	112	83	65	53	83	120	119	114	118	94	38	87	141	156	69	158	120	34	29	132	77	118	76	122	126	152	44	139	109	111	
96	33	0	138	41	64	113	112	59	33	155	112	150	59	76	85	51	91	90	87	92	100	93	47	98	87	93	91	96	61	53	72	136	137	66	126	92	42	61	100	45	88	63	100	105	120	61	106	86	87	
122	151	138	0	97	189	68	87	174	108	18	64	13	187	181	169	131	162	106	97	50	118	156	185	112	142	71	61	56	138	187	65	36	33	84	127	80	119	174	121	117	96	76	50	46	117	122	139	63	68	
75	64	41	97	0	101	75	78	82	12	114	73	109	97	94	105	61	91	78	71	50	92	104	87	88	78	55	50	55	59	94	33	100	95	42	102	56	46	93	78	32	57	27	59	63	94	63	90	45	47	
159	38	64	189	101	0	176	176	98	96	208	174	202	7	116	55	62	144	106	109	150	108	75	51	110	147	155	152	156	120	20	125	177	194	106	189	155	70	20	163	109	152	114	159	164	184	74	166	147	148	
56	139	113	68	75	176	0	19	126	79	74	4	73	172	128	177	133	101	131	122	38	146	171	153	140	79	20	27	26	85	166	63	97	41	94	58	22	117	168	54	74	35	74	28	27	48	130	72	32	28	
39	141	112	87	78	176	19	0	116	80	93	23	92	171	116	183	139	85	143	134	53	158	179	148	152	64	27	39	40	74	164	74	115	59	104	39	22	123	170	37	69	25	83	44	45	29	138	54	42	36	
83	85	59	174	82	98	126	116	0	69	188	128	184	91	18	139	110	50	148	144	123	159	150	49	157	61	110	116	121	41	79	114	182	161	120	110	104	101	107	87	56	91	109	127	131	109	120	82	112	109	
71	61	33	108	12	96	79	80	69	0	125	78	120	92	82	106	64	81	87	81	60	101	108	77	97	70	59	58	62	48	86	45	112	104	52	99	59	49	90	74	23	57	39	67	72	92	68	84	53	53	
130	170	155	18	114	208	74	93	188	125	0	70	6	206	195	188	150	173	124	115	65	136	174	202	130	151	81	73	68	151	205	83	50	34	103	131	90	138	193	128	132	106	94	62	57	122	141	146	76	80	
59	137	112	64	73	174	4	23	128	78	70	0	69	170	130	174	130	103	127	118	34	142	168	153	136	82	19	24	22	87	165	60	93	37	91	62	23	115	166	58	74	37	71	24	23	53	127	75	29	26	
128	164	150	13	109	202	73	92	184	120	6	69	0	200	191	182	144	170	118	109	61	130	168	197	124	149	79	69	65	148	200	78	44	33	97	130	87	132	187	126	127	103	89	58	54	121	135	144	72	77	
153	36	59	187	97	7	172	171	91	92	206	170	200	0	109	60	63	138	107	110	147	110	80	44	112	140	151	148	152	114	13	123	176	192	105	183	151	69	25	157	104	147	111	156	161	178	75	160	143	145	
79	104	76	181	94	116	128	116	18	82	195	130	191	109	0	157	128	38	164	159	130	176	168	66	173	55	114	121	126	43	96	125	192	166	134	103	107	118	125	82	65	92	121	132	137	104	137	74	118	114	
178	53	85	169	105	55	177	183	139	106	188	174	182	60	157	0	43	176	68	74	143	63	22	99	67	172	158	150	152	146	72	116	148	184	87	206	161	59	35	181	127	162	104	154	158	199	48	189	145	149	
136	31	51	131	61	62	133	139	110	64	150	130	144	63	128	43	0	140	45	47	100	52	43	84	51	133	114	106	109	109	68	73	115	142	46	163	117	15	44	139	86	119	61	111	115	156	13	149	101	105	
45	123	91	162	91	144	101	85	50	81	173	103	170	138	38	176	140	0	169	162	113	182	184	98	178	21	91	101	106	32	126	115	180	141	133	66	82	127	149	49	58	66	116	112	116	68	147	36	99	94	
152	77	90	106	78	106	131	143	148	87	124	127	118	107	164	68	45	169	0	9	93	15	50	129	10	157	115	104	105	136	114	68	80	126	38	175	122	48	86	154	110	130	60	104	106	166	32	168	100	106	
144	77	87	97	71	109	122	134	144	81	115	118	109	110	159	74	47	162	9	0	83	24	59	128	18	149	106	95	95	130	115	59	73	117	30	166	113	46	89	146	103	121	51	94	97	157	34	160	91	97	
77	112	92	50	50	150	38	53	123	60	65	34	61	147	130	143	100	113	93	83	0	107	135	137	102	94	27	14	12	88	144	27	67	44	57	90	36	85	139	77	66	50	39	11	15	81	95	94	14	20	
167	83	100	118	92	108	146	158	159	101	136	142	130	110	176	63	52	182	15	24	107	0	43	136	6	171	130	119	119	149	118	83	89	140	53	190	137	58	87	169	124	145	75	118	121	181	40	182	115	121	
179	65	93	156	104	75	171	179	150	108	174	168	168	80	168	22	43	184	50	59	135	43	0	115	48	177	153	144	146	152	91	108	131	174	78	206	157	58	55	182	130	161	97	146	150	198	41	193	139	144	
122	53	47	185	87	51	153	148	49	77	202	153	197	44	66	99	84	98	129	128	137	136	115	0	136	105	134	135	139	80	31	119	183	181	112	152	131	82	64	126	79	122	110	144	149	148	96	126	130	129	
162	83	98	112	88	110	140	152	157	97	130	136	124	112	173	67	51	178	10	18	102	6	48	136	0	167	125	113	114	146	119	78	84	134	48	185	131	56	89	164	120	140	70	113	115	176	39	178	110	116	
24	120	87	142	78	147	79	64	61	70	151	82	149	140	55	172	133	21	157	149	94	171	177	105	167	0	70	81	85	26	130	99	161	119	119	49	61	119	148	28	47	45	101	91	95	49	138	21	80	74	
51	119	93	71	55	155	20	27	110	59	81	19	79	151	114	158	114	91	115	106	27	130	153	134	125	70	0	13	16	70	146	47	94	51	77	63	9	98	148	50	55	25	56	22	25	53	112	68	15	9	
63	114	91	61	50	152	27	39	116	58	73	24	69	148	121	150	106	101	104	95	14	119	144	135	113	81	13	0	5	78	144	36	81	46	67	76	22	91	142	63	59	37	46	11	15	66	103	81	5	7	
67	118	96	56	55	156	26	40	121	62	68	22	65	152	126	152	109	106	105	95	12	119	146	139	114	85	16	5	0	83	148	37	77	41	68	78	25	94	146	66	64	41	48	6	10	68	105	84	9	12	
42	94	61	138	59	120	85	74	41	48	151	87	148	114	43	146	109	32	136	130	88	149	152	80	146	26	70	78	83	0	103	86	152	122	101	72	64	95	122	46	26	50	84	89	93	69	115	46	75	71	
144	38	53	187	94	20	166	164	79	86	205	165	200	13	96	72	68	126	114	115	144	118	91	31	119	130	146	144	148	103	0	122	179	189	106	174	145	72	36	148	96	139	111	153	157	170	81	150	139	140	
88	87	72	65	33	125	63	74	114	45	83	60	78	123	125	116	73	115	68	59	27	83	108	119	78	99	47	36	37	86	122	0	67	69	31	108	53	58	113	89	60	63	12	38	42	99	68	105	32	38	
144	141	136	36	100	177	97	115	182	112	50	93	44	176	192	148	115	180	80	73	67	89	131	183	84	161	94	81	77	152	179	67	0	69	72	155	103	107	160	144	127	118	73	72	70	145	104	162	81	87	
97	156	137	33	95	194	41	59	161	104	34	37	33	192	166	184	142	141	126	117	44	140	174	181	134	119	51	46	41	122	189	69	69	0	97	97	59	128	183	95	106	74	82	36	31	88	136	113	51	53	
113	69	66	84	42	106	94	104	120	52	103	91	97	105	134	87	46	133	38	30	57	53	78	112	48	119	77	67	68	101	106	31	72	97	0	136	83	35	90	115	74	91	21	68	72	127	39	129	63	68	
30	158	126	127	102	189	58	39	110	99	131	62	130	183	103	206	163	66	175	166	90	190	206	152	185	49	63	76	78	72	174	108	155	97	136	0	55	148	187	26	80	45	115	83	84	9	165	29	78	71	
42	120	92	80	56	155	22	22	104	59	90	23	87	151	107	161	117	82	122	113	36	137	157	131	131	61	9	22	25	64	145	53	103	59	83	55	0	101	149	41	51	16	62	31	34	45	116	59	23	16	
120	34	42	119	46	70	117	123	101	49	138	115	132	69	118	59	15	127	48	46	85	58	58	82	56	119	98	91	94	95	72	58	107	128	35	148	101	0	55	123	72	103	46	96	100	140	19	134	86	89	
158	29	61	174	93	20	168	170	107	90	193	166	187	25	125	35	44	149	86	89	139	87	55	64	89	148	148	142	146	122	36	113	160	183	90	187	149	55	0	161	107	147	101	149	153	181	55	167	137	140	
4	132	100	121	78	163	54	37	87	74	128	58	126	157	82	181	139	49	154	146	77	169	182	126	164	28	50	63	66	46	148	89	144	95	115	26	41	123	161	0	54	26	94	72	75	22	141	18	63	57	
51	77	45	117	32	109	74	69	56	23	132	74	127	104	65	127	86	58	110	103	66	124	130	79	120	47	55	59	64	26	96	60	127	106	74	80	51	72	107	54	0	43	58	70	75	74	91	62	55	53	
26	118	88	96	57	152	35	25	91	57	106	37	103	147	92	162	119	66	130	121	50	145	161	122	140	45	25	37	41	50	139	63	118	74	91	45	16	103	147	26	43	0	70	47	50	36	120	43	37	30	
93	76	63	76	27	114	74	83	109	39	94	71	89	111	121	104	61	116	60	51	39	75	97	110	70	101	56	46	48	84	111	12	73	82	21	115	62	46	101	94	58	70	0	50	54	106	56	109	42	47	
73	122	100	50	59	159	28	44	127	67	62	24	58	156	132	154	111	112	104	94	11	118	146	144	113	91	22	11	6	89	153	38	72	36	68	83	31	96	149	72	70	47	50	0	5	73	106	90	14	18	
76	126	105	46	63	164	27	45	131	72	57	23	54	161	137	158	115	116	106	97	15	121	150	149	115	95	25	15	10	93	157	42	70	31	72	84	34	100	153	75	75	50	54	5	0	74	110	93	19	22	
26	152	120	117	94	184	48	29	109	92	122	53	121	178	104	199	156	68	166	157	81	181	198	148	176	49	53	66	68	69	170	99	145	88	127	9	45	140	181	22	74	36	106	73	74	0	157	31	68	62	
139	44	61	122	63	74	130	138	120	68	141	127	135	75	137	48	13	147	32	34	95	40	41	96	39	138	112	103	105	115	81	68	104	136	39	165	116	19	55	141	91	120	56	106	110	157	0	152	98	103	
17	139	106	139	90	166	72	54	82	84	146	75	144	160	74	189	149	36	168	160	94	182	193	126	178	21	68	81	84	46	150	105	162	113	129	29	59	134	167	18	62	43	109	90	93	31	152	0	81	74	
63	109	86	63	45	147	32	42	112	53	76	29	72	143	118	145	101	99	100	91	14	115	139	130	110	80	15	5	9	75	139	32	81	51	63	78	23	86	137	63	55	37	42	14	19	68	98	81	0	6	
57	111	87	68	47	148	28	36	109	53	80	26	77	145	114	149	105	94	106	97	20	121	144	129	116	74	9	7	12	71	140	38	87	53	68	71	16	89	140	57	53	30	47	18	22	62	103	74	6	0	
